
Processing test.C...
./EGamma_2018.root
315790
315786
315790
316240
316240
316240
316505
316717
316717
315420
315645
315646
315689
315420
315420
315420
315420
316879
316879
316879
315690
315705
315339
315357
316665
316666
316666
316995
316995
316995
316876
316944
316944
316944
316457
316457
315488
315488
315512
315512
316876
316199
316199
316271
316271
316271
316361
316363
316569
316569
316758
316758
316758
316758
316187
316187
316187
316187
316187
316380
315265
315322
315557
315512
315800
315800
315800
316153
316186
316187
316505
316716
316758
316758
316758
316944
315488
315488
315488
315801
315801
315840
315840
315645
315645
315645
315646
315646
315646
316569
316702
315488
316944
316944
316944
316153
316187
316187
316187
316187
315645
316187
315770
315770
315770
315840
315357
315840
315840
315840
315840
315840
315840
315770
315770
315366
315366
315366
315366
315366
315689
315689
315689
315690
315703
315713
315267
315339
315339
316201
316201
316201
316218
315713
315713
315713
315764
315974
316058
316058
316058
316058
316058
316219
316219
316505
316505
316505
316505
316082
316110
316615
315785
316187
316187
316187
316202
316202
316216
316216
316216
316720
316720
316722
316199
316199
316218
316758
316766
316569
316569
316569
316199
316199
316199
316199
316380
316457
316470
316059
316059
316059
315270
316187
316216
316219
316239
316944
316944
316985
316766
316766
316876
315645
315689
315689
315689
316700
316701
315644
315689
315489
315506
315512
316187
316187
315721
315770
316569
316569
316569
316701
316702
316722
316722
316722
316722
316722
316723
316758
316766
316766
316766
316766
316766
316993
316993
316993
316995
316995
316995
316995
315259
315267
315267
316700
316716
316717
315689
315322
315322
316944
315973
315973
315973
315973
315973
315973
316240
316241
316241
316199
316199
316199
316199
316199
315800
315800
315800
315800
315800
315800
315509
315510
316114
316114
316114
316114
315973
316060
316060
315322
316239
316239
316239
316153
316240
316240
316985
316985
315764
316876
316876
315785
316114
316187
316187
316187
316187
316202
315705
315705
316470
315703
315703
315704
315704
315713
315713
315420
315420
316153
316666
316666
316666
316720
315270
316469
316469
315721
315721
316469
316665
316766
316766
316505
316719
316720
316720
315512
316114
315764
315764
315764
315973
317509
317512
317512
318874
318876
317527
317527
317626
317626
317626
317291
317291
317291
317340
317527
317626
317661
317661
317661
317087
317213
317279
317392
317320
317320
317213
317434
317663
317663
317663
317663
317663
318876
317089
317089
317182
317392
317435
317484
317509
317392
317279
317292
317320
317089
317182
317213
317512
317626
317626
317640
317640
317649
317661
317683
317696
318874
317696
317640
317338
317434
317527
317626
317663
317527
317527
317527
317527
317650
317511
317527
317591
317182
317527
317089
317320
317392
317340
317640
317641
317182
317089
317297
317320
317649
317663
317683
318874
317392
317435
317435
317650
317650
317213
317382
317383
317392
317292
317296
317089
317182
317182
317291
317434
317484
317696
317696
319077
317640
317649
317661
317640
317661
318828
317527
317527
317527
317182
317488
317089
317089
317182
317182
317182
317392
317640
317527
317527
317527
317591
317319
317320
317089
317182
317213
317640
317089
317320
317488
317089
317320
317320
317649
317696
318872
318872
318872
318877
318872
319526
319524
319528
319528
319524
319528
319528
319579
319579
319910
319756
319756
320026
320065
319639
320038
320064
320065
320024
320002
320065
320023
320024
320024
320064
320064
320002
319625
319639
319459
319756
319347
319579
319579
319756
319347
319456
319456
319756
319449
320040
319456
319756
319756
319347
319347
320040
319347
319756
319756
319579
319756
319524
319524
319524
319524
319524
319524
319524
319991
320007
320026
319449
320063
319678
319579
319639
319992
320010
319678
320024
320024
319450
319450
319579
319639
319697
319910
319524
319697
319579
319941
319992
319524
319524
319450
319579
319579
319910
320011
319450
319656
319912
320006
319337
319910
319914
319915
319639
319659
319910
319941
320024
319992
319950
319337
319524
319579
320023
319450
319450
319579
319625
320006
320038
319697
319486
319579
319579
319658
319337
319524
319658
319697
319991
319579
319991
319991
319991
319524
319950
319950
324764
321305
321068
321068
321305
321069
321305
321305
322480
321755
324980
321138
321138
322599
321457
321988
320688
320688
321149
321149
321457
322252
320688
321177
321988
321774
321774
321988
324980
321233
323997
321415
321415
321777
321414
321457
321461
324980
324980
321233
321457
321755
321233
321777
324980
321777
323978
324980
320688
320688
321457
321457
321149
321414
321414
321305
321735
321755
322068
323419
321730
321973
321973
321735
322106
321283
321973
321004
321961
321730
324765
321005
322407
321312
321068
321305
321305
321305
321305
321305
322079
321973
322322
321305
321975
322356
322079
321975
322179
322356
321218
321988
322356
322079
322431
322079
322179
322431
324846
324846
321433
321820
323525
323525
323790
321880
324245
324420
324245
324841
324878
321149
324245
321813
322179
323725
321167
322118
321755
324245
324970
324970
325170
322617
324878
321433
322617
322617
320934
323702
324318
323790
323790
321149
321887
323841
324878
321813
320804
320917
321167
321140
320804
320809
323474
321140
321813
324878
324878
322625
321961
325170
323755
324293
322022
322022
322022
321007
322625
325113
322022
322625
321007
324022
321011
325117
321007
324077
324077
321732
321990
322381
324077
321732
321990
321990
321990
322625
322022
322022
322022
322022
321295
322022
324841
323696
324841
322022
324293
322348
322348
324245
323487
324245
324841
321815
322252
323702
323940
324293
321149
324878
321887
321794
322625
322633
320840
321973
324970
321124
321475
321475
321475
321475
321126
322118
324293
324747
323857
324420
321909
323475
323755
324293
321067
323474
321124
321396
321833
321055
323778
321396
321396
321973
324315
324293
323755
323755
325170
324293
320804
321124
322322
322625
323755
324293
321051
324765
320841
321833
321834
325022
320804
320809
325172
320917
320917
321396
321961
322106
322106
324970
323726
324970
321396
324747
324747
321834
324747
324747
324970
321909
322599
321832
322625
323725
324970
324747
321396
321396
321396
321414
320838
320840
325022
325022
320841
320841
320841
325022
325022
320838
320840
325022
321887
321831
323775
320840
321055
321909
321909
320757
321909
322322
321917
322068
320840
321051
321051
320757
321917
321004
321004
322088
320855
321067
320980
320995
320996
321973
320996
322204
323727
324998
320712
320712
320934
321051
321051
321434
321434
321434
323524
323524
323524
321434
322222
320853
321817
322252
322252
322332
321817
322118
322118
322407
325170
322179
322407
322407
321434
320853
321879
320934
321051
321051
321051
321051
323524
321068
321305
322480
324841
323727
321219
321219
322324
325001
321760
321760
323525
323525
323857
322324
323983
324878
323727
324201
325000
324021
321149
321149
321732
321732
323940
320917
321149
321909
322348
325022
324846
325001
322332
321917
321917
324201
325001
325001
321917
321397
324201
321732
321732
322332
323997
321230
323755
321231
323755
324201
324201
324201
321149
321219
322348
322348
323997
324021
325022
324764
324420
325001
324201
321909
322356
324201
321732
321732
322348
323525
325001
321177
322322
324077
325172
321732
321149
322324
322324
324970
324970
321233
325022
325022
325022
323525
321393
321832
324980
324980
321832
321887
324980
323790
325057
325097
323790
325099
321755
321755
321414
322068
325099
321712
320917
322068
322068
323790
323790
324835
320917
321755
321167
321755
321126
322322
321138
321138
321138
324237
321732
321124
321732
322355
321732
320941
321051
320804
320804
321732
323471
321007
321007
321134
321007
321961
322322
320804
320934
320934
322355
320934
322319
325170
325170
321233
324021
324764
324021
322492
322605
322480
322605
322204
321233
321233
322322
322322
324420
320857
325057
320858
320857
320858
321475
321475
321475
321475
322322
322322
324980
320824
324878
324878
324878
320824
323940
324970
320887
321414
323727
324970
324998
324245
324998
320809
322106
322118
323755
324878
323940
324021
320822
323940
324077
324201
324201
320934
321909
322106
325022
321007
324077
324980
320822
320804
323525
324878
322431
325057
320823
321781
323525
324022
324293
324293
320822
320822
322430
322430
324980
320822
320822
320855
320822
324245
324998
323473
321818
324841
321818
321887
321177
321436
321887
321178
321436
321781
321780
321124
321124
321817
325101
321218
321436
321780
321295
324841
321218
321218
321436
324785
324785
321780
321780
321781
325101
324841
321818
321436
324841
321177
322201
324791
325170
323696
./DYJetsToLLM10to50_2018.root
./DYJetsToLLM50_2018.root
./GluGluZH_2018.root
./EGamma_2018_old.root
./SingleMuon_2018.root
./ST_s-channel_2018.root
./ST_t-channel_antitop_2018.root
./ST_t-channel_top_2018.root
./ST_tW_antitop_2018.root
./ST_tW_top_2018.root
./WW_2018.root
./ttWJets_2018.root
./ttZJets_2018.root
./WWW_2018.root
./WWTo2L2Nu_2018.root
./WZTo2Q2L_2018.root
./WZTo3LNu_2018.root
./WZZ_2018.root
./ZHToMuMu_2018.root
./ZZZ_2018.root
./ZZTo2L2Nu_2018.root
./ZZTo2Q2L_2018.root
./ZZTo4L_2018.root
./ZHToTauTau_2018.root
